( num nodes 13 )
( name nodes 0 1 2 3 4 5 6 7 8 9 10 11 12 )
( node 0 1.3 11.6 )
( node 1 2.8 11.6 )
( node 2 4.5 11.6 )
( node 3 2.15 9.3 )
( node 4 2.15 8.25 )
( node 5 4.0 8.25 )
( node 6 4.4 7.3 )
( node 7 4.7 6.6 )
( node 8 4.7 5.78 )
( node 9 0.4 5.78 )
( node 10 4.6 4.6 )
( node 11 3.3 1.7 )
( node 12 4.6 1.7 )
( connection 0 1 1.5 )
( connection 0 3 2.59 )
( connection 1 0 1.5 )
( connection 1 2 1.7 )
( connection 1 3 2.390 )
( connection 2 1 1.7 )
( connection 2 3 3.288 )
( connection 3 0 2.59 )
( connection 3 1 2.390 )
( connection 3 2 3.28 )
( connection 3 4 1.05 )
( connection 4 3 1.05 )
( connection 4 5 1.86)
( connection 5 4 1.86 )
( connection 5 6 1.03 )
( connection 6 5 1.03)
( connection 6 7 .76 )
( connection 7 6 .76 )
( connection 7 8 .82 )
( connection 8 7 .82)
( connection 8 9 4.3 )
( connection 8 10  1.184 )
( connection 9 8 4.3 )
( connection 10 8 1.184 )
( connection 10 11 3.17 )
( connection 10 12 2.9 )
( connection 11 10 3.17 )
( connection 11 12 1.3 )
( connection 12 11 1.3 )
( connection 12 10 2.9 )